# Vat.gr.208 — Predicted Table: Handy Tables Oblique Ascensions Klima V
# Model: flat
# Klima: 5  (Byzantium/Hellespont, φ≈41°N, longest day 15h)
# Scan date: 2026-05-17
# RMSE estimates: anaph=0.800°  hour=0.590h  chron=20.9min
# STATUS: ALL VALUES ARE MODEL PREDICTIONS — verify against manuscript images
# Uncertain cells in actual transcriptions should be compared to these predictions
# Column *_raw: [unread] — Greek numeral not yet read from image
# Column *_dec: [pred_flat] — predicted decimal value
#
sign	deg	anaph_deg_raw	anaph_min_raw	hour_raw	chron_raw	deg_dec	anaph_dec	hour_dec	chron_dec
# === ARIES (ΚΡΙΟΣ) ===
Aries	α	[unread]	[unread]	[unread]	[unread]	1	1;27[pred_flat]	15[pred_flat]	23[pred_flat]
Aries	β	[unread]	[unread]	[unread]	[unread]	2	1;49[pred_flat]	15[pred_flat]	23[pred_flat]
Aries	γ	[unread]	[unread]	[unread]	[unread]	3	2;11[pred_flat]	15[pred_flat]	24[pred_flat]
Aries	δ	[unread]	[unread]	[unread]	[unread]	4	2;34[pred_flat]	15[pred_flat]	24[pred_flat]
Aries	ε	[unread]	[unread]	[unread]	[unread]	5	2;56[pred_flat]	15[pred_flat]	24[pred_flat]
Aries	ϛ	[unread]	[unread]	[unread]	[unread]	6	3;18[pred_flat]	15[pred_flat]	25[pred_flat]
Aries	ζ	[unread]	[unread]	[unread]	[unread]	7	3;41[pred_flat]	15[pred_flat]	25[pred_flat]
Aries	η	[unread]	[unread]	[unread]	[unread]	8	4;03[pred_flat]	15[pred_flat]	26[pred_flat]
Aries	θ	[unread]	[unread]	[unread]	[unread]	9	4;25[pred_flat]	15[pred_flat]	26[pred_flat]
Aries	ι	[unread]	[unread]	[unread]	[unread]	10	4;48[pred_flat]	15[pred_flat]	26[pred_flat]
Aries	ια	[unread]	[unread]	[unread]	[unread]	11	5;10[pred_flat]	15[pred_flat]	27[pred_flat]
Aries	ιβ	[unread]	[unread]	[unread]	[unread]	12	5;32[pred_flat]	15[pred_flat]	27[pred_flat]
Aries	ιγ	[unread]	[unread]	[unread]	[unread]	13	6;05[pred_flat]	15[pred_flat]	28[pred_flat]
Aries	ιδ	[unread]	[unread]	[unread]	[unread]	14	6;44[pred_flat]	15[pred_flat]	28[pred_flat]
Aries	ιε	[unread]	[unread]	[unread]	[unread]	15	7;24[pred_flat]	15[pred_flat]	28[pred_flat]
Aries	ιϛ	[unread]	[unread]	[unread]	[unread]	16	8;03[pred_flat]	16[pred_flat]	28[pred_flat]
Aries	ιζ	[unread]	[unread]	[unread]	[unread]	17	8;42[pred_flat]	16[pred_flat]	28[pred_flat]
Aries	ιη	[unread]	[unread]	[unread]	[unread]	18	9;22[pred_flat]	16[pred_flat]	28[pred_flat]
Aries	ιθ	[unread]	[unread]	[unread]	[unread]	19	10;01[pred_flat]	16[pred_flat]	28[pred_flat]
Aries	κ	[unread]	[unread]	[unread]	[unread]	20	10;40[pred_flat]	16[pred_flat]	28[pred_flat]
Aries	κα	[unread]	[unread]	[unread]	[unread]	21	11;20[pred_flat]	16[pred_flat]	28[pred_flat]
Aries	κβ	[unread]	[unread]	[unread]	[unread]	22	11;59[pred_flat]	16[pred_flat]	28[pred_flat]
Aries	κγ	[unread]	[unread]	[unread]	[unread]	23	12;38[pred_flat]	16[pred_flat]	28[pred_flat]
Aries	κδ	[unread]	[unread]	[unread]	[unread]	24	13;18[pred_flat]	16[pred_flat]	28[pred_flat]
Aries	κε	[unread]	[unread]	[unread]	[unread]	25	13;57[pred_flat]	16[pred_flat]	28[pred_flat]
Aries	κϛ	[unread]	[unread]	[unread]	[unread]	26	14;36[pred_flat]	16[pred_flat]	28[pred_flat]
Aries	κζ	[unread]	[unread]	[unread]	[unread]	27	15;16[pred_flat]	16[pred_flat]	28[pred_flat]
Aries	κη	[unread]	[unread]	[unread]	[unread]	28	15;55[pred_flat]	16[pred_flat]	28[pred_flat]
Aries	κθ	[unread]	[unread]	[unread]	[unread]	29	16;34[pred_flat]	16[pred_flat]	28[pred_flat]
Aries	λ	[unread]	[unread]	[unread]	[unread]	30	17;14[pred_flat]	16[pred_flat]	28[pred_flat]
# === TAURUS (ΤΑΥΡΟΣ) ===
Taurus	α	[unread]	[unread]	[unread]	[unread]	1	17;53[pred_flat]	16[pred_flat]	28[pred_flat]
Taurus	β	[unread]	[unread]	[unread]	[unread]	2	18;32[pred_flat]	16[pred_flat]	28[pred_flat]
Taurus	γ	[unread]	[unread]	[unread]	[unread]	3	19;12[pred_flat]	17[pred_flat]	28[pred_flat]
Taurus	δ	[unread]	[unread]	[unread]	[unread]	4	19;51[pred_flat]	17[pred_flat]	28[pred_flat]
Taurus	ε	[unread]	[unread]	[unread]	[unread]	5	20;30[pred_flat]	17[pred_flat]	28[pred_flat]
Taurus	ϛ	[unread]	[unread]	[unread]	[unread]	6	21;10[pred_flat]	17[pred_flat]	29[pred_flat]
Taurus	ζ	[unread]	[unread]	[unread]	[unread]	7	21;49[pred_flat]	17[pred_flat]	29[pred_flat]
Taurus	η	[unread]	[unread]	[unread]	[unread]	8	22;28[pred_flat]	17[pred_flat]	29[pred_flat]
Taurus	θ	[unread]	[unread]	[unread]	[unread]	9	23;08[pred_flat]	17[pred_flat]	29[pred_flat]
Taurus	ι	[unread]	[unread]	[unread]	[unread]	10	23;47[pred_flat]	17[pred_flat]	29[pred_flat]
Taurus	ια	[unread]	[unread]	[unread]	[unread]	11	24;26[pred_flat]	17[pred_flat]	29[pred_flat]
Taurus	ιβ	[unread]	[unread]	[unread]	[unread]	12	25;06[pred_flat]	17[pred_flat]	29[pred_flat]
Taurus	ιγ	[unread]	[unread]	[unread]	[unread]	13	25;45[pred_flat]	17[pred_flat]	29[pred_flat]
Taurus	ιδ	[unread]	[unread]	[unread]	[unread]	14	26;24[pred_flat]	17[pred_flat]	29[pred_flat]
Taurus	ιε	[unread]	[unread]	[unread]	[unread]	15	27;04[pred_flat]	17[pred_flat]	29[pred_flat]
Taurus	ιϛ	[unread]	[unread]	[unread]	[unread]	16	27;43[pred_flat]	17[pred_flat]	29[pred_flat]
Taurus	ιζ	[unread]	[unread]	[unread]	[unread]	17	28;22[pred_flat]	17[pred_flat]	29[pred_flat]
Taurus	ιη	[unread]	[unread]	[unread]	[unread]	18	29;02[pred_flat]	17[pred_flat]	29[pred_flat]
Taurus	ιθ	[unread]	[unread]	[unread]	[unread]	19	29;41[pred_flat]	18[pred_flat]	29[pred_flat]
Taurus	κ	[unread]	[unread]	[unread]	[unread]	20	30;20[pred_flat]	18[pred_flat]	29[pred_flat]
Taurus	κα	[unread]	[unread]	[unread]	[unread]	21	31;00[pred_flat]	18[pred_flat]	29[pred_flat]
Taurus	κβ	[unread]	[unread]	[unread]	[unread]	22	31;39[pred_flat]	18[pred_flat]	29[pred_flat]
Taurus	κγ	[unread]	[unread]	[unread]	[unread]	23	32;18[pred_flat]	18[pred_flat]	29[pred_flat]
Taurus	κδ	[unread]	[unread]	[unread]	[unread]	24	32;57[pred_flat]	18[pred_flat]	29[pred_flat]
Taurus	κε	[unread]	[unread]	[unread]	[unread]	25	33;37[pred_flat]	18[pred_flat]	29[pred_flat]
Taurus	κϛ	[unread]	[unread]	[unread]	[unread]	26	34;16[pred_flat]	18[pred_flat]	29[pred_flat]
Taurus	κζ	[unread]	[unread]	[unread]	[unread]	27	34;55[pred_flat]	18[pred_flat]	29[pred_flat]
Taurus	κη	[unread]	[unread]	[unread]	[unread]	28	35;35[pred_flat]	18[pred_flat]	29[pred_flat]
Taurus	κθ	[unread]	[unread]	[unread]	[unread]	29	36;14[pred_flat]	18[pred_flat]	29[pred_flat]
Taurus	λ	[unread]	[unread]	[unread]	[unread]	30	36;53[pred_flat]	18[pred_flat]	30[pred_flat]
# === GEMINI (ΔΙΔΥΜΟΙ) ===
Gemini	α	[unread]	[unread]	[unread]	[unread]	1	37;33[pred_flat]	18[pred_flat]	30[pred_flat]
Gemini	β	[unread]	[unread]	[unread]	[unread]	2	38;12[pred_flat]	18[pred_flat]	30[pred_flat]
Gemini	γ	[unread]	[unread]	[unread]	[unread]	3	38;51[pred_flat]	18[pred_flat]	30[pred_flat]
Gemini	δ	[unread]	[unread]	[unread]	[unread]	4	39;31[pred_flat]	18[pred_flat]	30[pred_flat]
Gemini	ε	[unread]	[unread]	[unread]	[unread]	5	40;10[pred_flat]	18[pred_flat]	30[pred_flat]
Gemini	ϛ	[unread]	[unread]	[unread]	[unread]	6	40;49[pred_flat]	19[pred_flat]	30[pred_flat]
Gemini	ζ	[unread]	[unread]	[unread]	[unread]	7	41;29[pred_flat]	19[pred_flat]	30[pred_flat]
Gemini	η	[unread]	[unread]	[unread]	[unread]	8	42;16[pred_flat]	19[pred_flat]	30[pred_flat]
Gemini	θ	[unread]	[unread]	[unread]	[unread]	9	43;03[pred_flat]	19[pred_flat]	30[pred_flat]
Gemini	ι	[unread]	[unread]	[unread]	[unread]	10	43;50[pred_flat]	19[pred_flat]	30[pred_flat]
Gemini	ια	[unread]	[unread]	[unread]	[unread]	11	44;37[pred_flat]	19[pred_flat]	30[pred_flat]
Gemini	ιβ	[unread]	[unread]	[unread]	[unread]	12	45;24[pred_flat]	19[pred_flat]	30[pred_flat]
Gemini	ιγ	[unread]	[unread]	[unread]	[unread]	13	46;12[pred_flat]	19[pred_flat]	30[pred_flat]
Gemini	ιδ	[unread]	[unread]	[unread]	[unread]	14	46;59[pred_flat]	19[pred_flat]	31[pred_flat]
Gemini	ιε	[unread]	[unread]	[unread]	[unread]	15	47;46[pred_flat]	19[pred_flat]	31[pred_flat]
Gemini	ιϛ	[unread]	[unread]	[unread]	[unread]	16	48;33[pred_flat]	19[pred_flat]	31[pred_flat]
Gemini	ιζ	[unread]	[unread]	[unread]	[unread]	17	49;20[pred_flat]	19[pred_flat]	31[pred_flat]
Gemini	ιη	[unread]	[unread]	[unread]	[unread]	18	50;07[pred_flat]	19[pred_flat]	31[pred_flat]
Gemini	ιθ	[unread]	[unread]	[unread]	[unread]	19	50;54[pred_flat]	19[pred_flat]	31[pred_flat]
Gemini	κ	[unread]	[unread]	[unread]	[unread]	20	51;47[pred_flat]	19[pred_flat]	31[pred_flat]
Gemini	κα	[unread]	[unread]	[unread]	[unread]	21	52;39[pred_flat]	19[pred_flat]	31[pred_flat]
Gemini	κβ	[unread]	[unread]	[unread]	[unread]	22	53;31[pred_flat]	19[pred_flat]	31[pred_flat]
Gemini	κγ	[unread]	[unread]	[unread]	[unread]	23	54;23[pred_flat]	19[pred_flat]	31[pred_flat]
Gemini	κδ	[unread]	[unread]	[unread]	[unread]	24	55;15[pred_flat]	19[pred_flat]	31[pred_flat]
Gemini	κε	[unread]	[unread]	[unread]	[unread]	25	56;02[pred_flat]	19[pred_flat]	31[pred_flat]
Gemini	κϛ	[unread]	[unread]	[unread]	[unread]	26	56;49[pred_flat]	19[pred_flat]	30[pred_flat]
Gemini	κζ	[unread]	[unread]	[unread]	[unread]	27	57;35[pred_flat]	19[pred_flat]	30[pred_flat]
Gemini	κη	[unread]	[unread]	[unread]	[unread]	28	58;22[pred_flat]	19[pred_flat]	29[pred_flat]
Gemini	κθ	[unread]	[unread]	[unread]	[unread]	29	59;09[pred_flat]	19[pred_flat]	28[pred_flat]
Gemini	λ	[unread]	[unread]	[unread]	[unread]	30	59;55[pred_flat]	19[pred_flat]	28[pred_flat]
# === CANCER (ΚΑΡΚΙΝΟΣ) ===
Cancer	α	[unread]	[unread]	[unread]	[unread]	1	60;42[pred_flat]	19[pred_flat]	27[pred_flat]
Cancer	β	[unread]	[unread]	[unread]	[unread]	2	61;28[pred_flat]	19[pred_flat]	27[pred_flat]
Cancer	γ	[unread]	[unread]	[unread]	[unread]	3	62;15[pred_flat]	19[pred_flat]	26[pred_flat]
Cancer	δ	[unread]	[unread]	[unread]	[unread]	4	63;02[pred_flat]	19[pred_flat]	26[pred_flat]
Cancer	ε	[unread]	[unread]	[unread]	[unread]	5	63;48[pred_flat]	19[pred_flat]	25[pred_flat]
Cancer	ϛ	[unread]	[unread]	[unread]	[unread]	6	64;35[pred_flat]	19[pred_flat]	24[pred_flat]
Cancer	ζ	[unread]	[unread]	[unread]	[unread]	7	65;22[pred_flat]	19[pred_flat]	24[pred_flat]
Cancer	η	[unread]	[unread]	[unread]	[unread]	8	66;08[pred_flat]	19[pred_flat]	23[pred_flat]
Cancer	θ	[unread]	[unread]	[unread]	[unread]	9	66;55[pred_flat]	19[pred_flat]	23[pred_flat]
Cancer	ι	[unread]	[unread]	[unread]	[unread]	10	67;42[pred_flat]	19[pred_flat]	22[pred_flat]
Cancer	ια	[unread]	[unread]	[unread]	[unread]	11	68;28[pred_flat]	19[pred_flat]	21[pred_flat]
Cancer	ιβ	[unread]	[unread]	[unread]	[unread]	12	69;15[pred_flat]	19[pred_flat]	21[pred_flat]
Cancer	ιγ	[unread]	[unread]	[unread]	[unread]	13	70;02[pred_flat]	19[pred_flat]	20[pred_flat]
Cancer	ιδ	[unread]	[unread]	[unread]	[unread]	14	70;48[pred_flat]	19[pred_flat]	20[pred_flat]
Cancer	ιε	[unread]	[unread]	[unread]	[unread]	15	71;35[pred_flat]	19[pred_flat]	19[pred_flat]
Cancer	ιϛ	[unread]	[unread]	[unread]	[unread]	16	72;23[pred_flat]	19[pred_flat]	19[pred_flat]
Cancer	ιζ	[unread]	[unread]	[unread]	[unread]	17	73;11[pred_flat]	19[pred_flat]	19[pred_flat]
Cancer	ιη	[unread]	[unread]	[unread]	[unread]	18	73;59[pred_flat]	19[pred_flat]	19[pred_flat]
Cancer	ιθ	[unread]	[unread]	[unread]	[unread]	19	74;47[pred_flat]	19[pred_flat]	19[pred_flat]
Cancer	κ	[unread]	[unread]	[unread]	[unread]	20	75;35[pred_flat]	19[pred_flat]	19[pred_flat]
Cancer	κα	[unread]	[unread]	[unread]	[unread]	21	76;23[pred_flat]	19[pred_flat]	20[pred_flat]
Cancer	κβ	[unread]	[unread]	[unread]	[unread]	22	77;11[pred_flat]	19[pred_flat]	20[pred_flat]
Cancer	κγ	[unread]	[unread]	[unread]	[unread]	23	77;59[pred_flat]	19[pred_flat]	20[pred_flat]
Cancer	κδ	[unread]	[unread]	[unread]	[unread]	24	78;47[pred_flat]	19[pred_flat]	20[pred_flat]
Cancer	κε	[unread]	[unread]	[unread]	[unread]	25	79;35[pred_flat]	19[pred_flat]	20[pred_flat]
Cancer	κϛ	[unread]	[unread]	[unread]	[unread]	26	80;23[pred_flat]	19[pred_flat]	21[pred_flat]
Cancer	κζ	[unread]	[unread]	[unread]	[unread]	27	81;11[pred_flat]	19[pred_flat]	21[pred_flat]
Cancer	κη	[unread]	[unread]	[unread]	[unread]	28	81;59[pred_flat]	19[pred_flat]	21[pred_flat]
Cancer	κθ	[unread]	[unread]	[unread]	[unread]	29	82;47[pred_flat]	19[pred_flat]	21[pred_flat]
Cancer	λ	[unread]	[unread]	[unread]	[unread]	30	83;35[pred_flat]	19[pred_flat]	22[pred_flat]
# === LEO (ΛΕΩΝ) ===
Leo	α	[unread]	[unread]	[unread]	[unread]	1	84;23[pred_flat]	19[pred_flat]	22[pred_flat]
Leo	β	[unread]	[unread]	[unread]	[unread]	2	85;11[pred_flat]	19[pred_flat]	22[pred_flat]
Leo	γ	[unread]	[unread]	[unread]	[unread]	3	85;59[pred_flat]	19[pred_flat]	22[pred_flat]
Leo	δ	[unread]	[unread]	[unread]	[unread]	4	86;47[pred_flat]	19[pred_flat]	22[pred_flat]
Leo	ε	[unread]	[unread]	[unread]	[unread]	5	87;35[pred_flat]	19[pred_flat]	23[pred_flat]
Leo	ϛ	[unread]	[unread]	[unread]	[unread]	6	88;23[pred_flat]	19[pred_flat]	23[pred_flat]
Leo	ζ	[unread]	[unread]	[unread]	[unread]	7	89;11[pred_flat]	18[pred_flat]	23[pred_flat]
Leo	η	[unread]	[unread]	[unread]	[unread]	8	89;59[pred_flat]	18[pred_flat]	23[pred_flat]
Leo	θ	[unread]	[unread]	[unread]	[unread]	9	90;47[pred_flat]	18[pred_flat]	23[pred_flat]
Leo	ι	[unread]	[unread]	[unread]	[unread]	10	91;35[pred_flat]	18[pred_flat]	24[pred_flat]
Leo	ια	[unread]	[unread]	[unread]	[unread]	11	92;23[pred_flat]	18[pred_flat]	24[pred_flat]
Leo	ιβ	[unread]	[unread]	[unread]	[unread]	12	93;11[pred_flat]	18[pred_flat]	24[pred_flat]
Leo	ιγ	[unread]	[unread]	[unread]	[unread]	13	93;59[pred_flat]	18[pred_flat]	24[pred_flat]
Leo	ιδ	[unread]	[unread]	[unread]	[unread]	14	94;47[pred_flat]	18[pred_flat]	25[pred_flat]
Leo	ιε	[unread]	[unread]	[unread]	[unread]	15	95;35[pred_flat]	18[pred_flat]	25[pred_flat]
Leo	ιϛ	[unread]	[unread]	[unread]	[unread]	16	96;23[pred_flat]	18[pred_flat]	25[pred_flat]
Leo	ιζ	[unread]	[unread]	[unread]	[unread]	17	97;11[pred_flat]	18[pred_flat]	25[pred_flat]
Leo	ιη	[unread]	[unread]	[unread]	[unread]	18	97;59[pred_flat]	18[pred_flat]	25[pred_flat]
Leo	ιθ	[unread]	[unread]	[unread]	[unread]	19	98;47[pred_flat]	18[pred_flat]	26[pred_flat]
Leo	κ	[unread]	[unread]	[unread]	[unread]	20	99;35[pred_flat]	18[pred_flat]	26[pred_flat]
Leo	κα	[unread]	[unread]	[unread]	[unread]	21	100;23[pred_flat]	18[pred_flat]	26[pred_flat]
Leo	κβ	[unread]	[unread]	[unread]	[unread]	22	101;11[pred_flat]	18[pred_flat]	26[pred_flat]
Leo	κγ	[unread]	[unread]	[unread]	[unread]	23	101;59[pred_flat]	18[pred_flat]	26[pred_flat]
Leo	κδ	[unread]	[unread]	[unread]	[unread]	24	102;47[pred_flat]	18[pred_flat]	27[pred_flat]
Leo	κε	[unread]	[unread]	[unread]	[unread]	25	103;35[pred_flat]	18[pred_flat]	27[pred_flat]
Leo	κϛ	[unread]	[unread]	[unread]	[unread]	26	104;23[pred_flat]	18[pred_flat]	27[pred_flat]
Leo	κζ	[unread]	[unread]	[unread]	[unread]	27	105;11[pred_flat]	18[pred_flat]	27[pred_flat]
Leo	κη	[unread]	[unread]	[unread]	[unread]	28	105;59[pred_flat]	18[pred_flat]	28[pred_flat]
Leo	κθ	[unread]	[unread]	[unread]	[unread]	29	106;47[pred_flat]	18[pred_flat]	28[pred_flat]
Leo	λ	[unread]	[unread]	[unread]	[unread]	30	107;35[pred_flat]	18[pred_flat]	28[pred_flat]
# === VIRGO (ΠΑΡΘΕΝΟΣ) ===
Virgo	α	[unread]	[unread]	[unread]	[unread]	1	108;23[pred_flat]	18[pred_flat]	28[pred_flat]
Virgo	β	[unread]	[unread]	[unread]	[unread]	2	109;11[pred_flat]	18[pred_flat]	28[pred_flat]
Virgo	γ	[unread]	[unread]	[unread]	[unread]	3	109;59[pred_flat]	18[pred_flat]	29[pred_flat]
Virgo	δ	[unread]	[unread]	[unread]	[unread]	4	110;47[pred_flat]	18[pred_flat]	29[pred_flat]
Virgo	ε	[unread]	[unread]	[unread]	[unread]	5	111;35[pred_flat]	18[pred_flat]	29[pred_flat]
Virgo	ϛ	[unread]	[unread]	[unread]	[unread]	6	112;23[pred_flat]	18[pred_flat]	29[pred_flat]
Virgo	ζ	[unread]	[unread]	[unread]	[unread]	7	113;11[pred_flat]	18[pred_flat]	29[pred_flat]
Virgo	η	[unread]	[unread]	[unread]	[unread]	8	113;59[pred_flat]	18[pred_flat]	30[pred_flat]
Virgo	θ	[unread]	[unread]	[unread]	[unread]	9	114;47[pred_flat]	18[pred_flat]	30[pred_flat]
Virgo	ι	[unread]	[unread]	[unread]	[unread]	10	115;35[pred_flat]	18[pred_flat]	30[pred_flat]
Virgo	ια	[unread]	[unread]	[unread]	[unread]	11	116;23[pred_flat]	18[pred_flat]	30[pred_flat]
Virgo	ιβ	[unread]	[unread]	[unread]	[unread]	12	117;11[pred_flat]	18[pred_flat]	30[pred_flat]
Virgo	ιγ	[unread]	[unread]	[unread]	[unread]	13	117;59[pred_flat]	18[pred_flat]	31[pred_flat]
Virgo	ιδ	[unread]	[unread]	[unread]	[unread]	14	118;47[pred_flat]	18[pred_flat]	31[pred_flat]
Virgo	ιε	[unread]	[unread]	[unread]	[unread]	15	119;35[pred_flat]	18[pred_flat]	31[pred_flat]
Virgo	ιϛ	[unread]	[unread]	[unread]	[unread]	16	120;21[pred_flat]	17[pred_flat]	31[pred_flat]
Virgo	ιζ	[unread]	[unread]	[unread]	[unread]	17	121;08[pred_flat]	17[pred_flat]	32[pred_flat]
Virgo	ιη	[unread]	[unread]	[unread]	[unread]	18	121;54[pred_flat]	17[pred_flat]	32[pred_flat]
Virgo	ιθ	[unread]	[unread]	[unread]	[unread]	19	122;40[pred_flat]	17[pred_flat]	32[pred_flat]
Virgo	κ	[unread]	[unread]	[unread]	[unread]	20	123;18[pred_flat]	17[pred_flat]	32[pred_flat]
Virgo	κα	[unread]	[unread]	[unread]	[unread]	21	123;57[pred_flat]	17[pred_flat]	31[pred_flat]
Virgo	κβ	[unread]	[unread]	[unread]	[unread]	22	124;41[pred_flat]	17[pred_flat]	31[pred_flat]
Virgo	κγ	[unread]	[unread]	[unread]	[unread]	23	125;26[pred_flat]	16[pred_flat]	30[pred_flat]
Virgo	κδ	[unread]	[unread]	[unread]	[unread]	24	126;10[pred_flat]	16[pred_flat]	30[pred_flat]
Virgo	κε	[unread]	[unread]	[unread]	[unread]	25	126;55[pred_flat]	16[pred_flat]	29[pred_flat]
Virgo	κϛ	[unread]	[unread]	[unread]	[unread]	26	127;40[pred_flat]	15[pred_flat]	29[pred_flat]
Virgo	κζ	[unread]	[unread]	[unread]	[unread]	27	128;24[pred_flat]	15[pred_flat]	28[pred_flat]
Virgo	κη	[unread]	[unread]	[unread]	[unread]	28	129;09[pred_flat]	15[pred_flat]	28[pred_flat]
Virgo	κθ	[unread]	[unread]	[unread]	[unread]	29	129;53[pred_flat]	15[pred_flat]	27[pred_flat]
Virgo	λ	[unread]	[unread]	[unread]	[unread]	30	130;38[pred_flat]	14[pred_flat]	27[pred_flat]
# === LIBRA (ΖΥΓΟΣ) ===
Libra	α	[unread]	[unread]	[unread]	[unread]	1	131;22[pred_flat]	14[pred_flat]	26[pred_flat]
Libra	β	[unread]	[unread]	[unread]	[unread]	2	132;07[pred_flat]	14[pred_flat]	26[pred_flat]
Libra	γ	[unread]	[unread]	[unread]	[unread]	3	132;52[pred_flat]	13[pred_flat]	25[pred_flat]
Libra	δ	[unread]	[unread]	[unread]	[unread]	4	133;36[pred_flat]	13[pred_flat]	25[pred_flat]
Libra	ε	[unread]	[unread]	[unread]	[unread]	5	134;21[pred_flat]	13[pred_flat]	24[pred_flat]
Libra	ϛ	[unread]	[unread]	[unread]	[unread]	6	134;57[pred_flat]	13[pred_flat]	24[pred_flat]
Libra	ζ	[unread]	[unread]	[unread]	[unread]	7	135;25[pred_flat]	12[pred_flat]	24[pred_flat]
Libra	η	[unread]	[unread]	[unread]	[unread]	8	135;59[pred_flat]	12[pred_flat]	24[pred_flat]
Libra	θ	[unread]	[unread]	[unread]	[unread]	9	136;38[pred_flat]	12[pred_flat]	24[pred_flat]
Libra	ι	[unread]	[unread]	[unread]	[unread]	10	137;17[pred_flat]	12[pred_flat]	24[pred_flat]
Libra	ια	[unread]	[unread]	[unread]	[unread]	11	137;56[pred_flat]	12[pred_flat]	24[pred_flat]
Libra	ιβ	[unread]	[unread]	[unread]	[unread]	12	138;39[pred_flat]	12[pred_flat]	24[pred_flat]
Libra	ιγ	[unread]	[unread]	[unread]	[unread]	13	139;29[pred_flat]	12[pred_flat]	24[pred_flat]
Libra	ιδ	[unread]	[unread]	[unread]	[unread]	14	140;19[pred_flat]	12[pred_flat]	24[pred_flat]
Libra	ιε	[unread]	[unread]	[unread]	[unread]	15	141;09[pred_flat]	12[pred_flat]	24[pred_flat]
Libra	ιϛ	[unread]	[unread]	[unread]	[unread]	16	141;58[pred_flat]	12[pred_flat]	24[pred_flat]
Libra	ιζ	[unread]	[unread]	[unread]	[unread]	17	142;48[pred_flat]	12[pred_flat]	24[pred_flat]
Libra	ιη	[unread]	[unread]	[unread]	[unread]	18	143;38[pred_flat]	12[pred_flat]	24[pred_flat]
Libra	ιθ	[unread]	[unread]	[unread]	[unread]	19	144;28[pred_flat]	12[pred_flat]	25[pred_flat]
Libra	κ	[unread]	[unread]	[unread]	[unread]	20	145;18[pred_flat]	12[pred_flat]	25[pred_flat]
Libra	κα	[unread]	[unread]	[unread]	[unread]	21	146;08[pred_flat]	13[pred_flat]	25[pred_flat]
Libra	κβ	[unread]	[unread]	[unread]	[unread]	22	146;58[pred_flat]	13[pred_flat]	25[pred_flat]
Libra	κγ	[unread]	[unread]	[unread]	[unread]	23	147;48[pred_flat]	13[pred_flat]	25[pred_flat]
Libra	κδ	[unread]	[unread]	[unread]	[unread]	24	148;38[pred_flat]	13[pred_flat]	25[pred_flat]
Libra	κε	[unread]	[unread]	[unread]	[unread]	25	149;28[pred_flat]	13[pred_flat]	25[pred_flat]
Libra	κϛ	[unread]	[unread]	[unread]	[unread]	26	150;18[pred_flat]	13[pred_flat]	25[pred_flat]
Libra	κζ	[unread]	[unread]	[unread]	[unread]	27	151;08[pred_flat]	13[pred_flat]	25[pred_flat]
Libra	κη	[unread]	[unread]	[unread]	[unread]	28	151;58[pred_flat]	13[pred_flat]	25[pred_flat]
Libra	κθ	[unread]	[unread]	[unread]	[unread]	29	152;47[pred_flat]	13[pred_flat]	25[pred_flat]
Libra	λ	[unread]	[unread]	[unread]	[unread]	30	153;37[pred_flat]	13[pred_flat]	25[pred_flat]
# === SCORPIO (ΣΚΟΡΠΙΟΣ) ===
Scorpio	α	[unread]	[unread]	[unread]	[unread]	1	154;27[pred_flat]	13[pred_flat]	25[pred_flat]
Scorpio	β	[unread]	[unread]	[unread]	[unread]	2	155;17[pred_flat]	13[pred_flat]	25[pred_flat]
Scorpio	γ	[unread]	[unread]	[unread]	[unread]	3	156;07[pred_flat]	13[pred_flat]	26[pred_flat]
Scorpio	δ	[unread]	[unread]	[unread]	[unread]	4	156;57[pred_flat]	13[pred_flat]	26[pred_flat]
Scorpio	ε	[unread]	[unread]	[unread]	[unread]	5	157;47[pred_flat]	13[pred_flat]	26[pred_flat]
Scorpio	ϛ	[unread]	[unread]	[unread]	[unread]	6	158;37[pred_flat]	13[pred_flat]	26[pred_flat]
Scorpio	ζ	[unread]	[unread]	[unread]	[unread]	7	159;27[pred_flat]	13[pred_flat]	26[pred_flat]
Scorpio	η	[unread]	[unread]	[unread]	[unread]	8	160;17[pred_flat]	13[pred_flat]	26[pred_flat]
Scorpio	θ	[unread]	[unread]	[unread]	[unread]	9	161;07[pred_flat]	13[pred_flat]	26[pred_flat]
Scorpio	ι	[unread]	[unread]	[unread]	[unread]	10	161;57[pred_flat]	13[pred_flat]	26[pred_flat]
Scorpio	ια	[unread]	[unread]	[unread]	[unread]	11	162;47[pred_flat]	13[pred_flat]	26[pred_flat]
Scorpio	ιβ	[unread]	[unread]	[unread]	[unread]	12	163;36[pred_flat]	13[pred_flat]	26[pred_flat]
Scorpio	ιγ	[unread]	[unread]	[unread]	[unread]	13	164;26[pred_flat]	13[pred_flat]	26[pred_flat]
Scorpio	ιδ	[unread]	[unread]	[unread]	[unread]	14	165;16[pred_flat]	14[pred_flat]	26[pred_flat]
Scorpio	ιε	[unread]	[unread]	[unread]	[unread]	15	166;06[pred_flat]	14[pred_flat]	26[pred_flat]
Scorpio	ιϛ	[unread]	[unread]	[unread]	[unread]	16	166;56[pred_flat]	14[pred_flat]	26[pred_flat]
Scorpio	ιζ	[unread]	[unread]	[unread]	[unread]	17	167;46[pred_flat]	14[pred_flat]	27[pred_flat]
Scorpio	ιη	[unread]	[unread]	[unread]	[unread]	18	168;36[pred_flat]	14[pred_flat]	27[pred_flat]
Scorpio	ιθ	[unread]	[unread]	[unread]	[unread]	19	169;26[pred_flat]	14[pred_flat]	27[pred_flat]
Scorpio	κ	[unread]	[unread]	[unread]	[unread]	20	170;16[pred_flat]	14[pred_flat]	27[pred_flat]
Scorpio	κα	[unread]	[unread]	[unread]	[unread]	21	171;06[pred_flat]	14[pred_flat]	27[pred_flat]
Scorpio	κβ	[unread]	[unread]	[unread]	[unread]	22	171;56[pred_flat]	14[pred_flat]	27[pred_flat]
Scorpio	κγ	[unread]	[unread]	[unread]	[unread]	23	172;46[pred_flat]	14[pred_flat]	27[pred_flat]
Scorpio	κδ	[unread]	[unread]	[unread]	[unread]	24	173;35[pred_flat]	14[pred_flat]	27[pred_flat]
Scorpio	κε	[unread]	[unread]	[unread]	[unread]	25	174;25[pred_flat]	14[pred_flat]	27[pred_flat]
Scorpio	κϛ	[unread]	[unread]	[unread]	[unread]	26	175;15[pred_flat]	14[pred_flat]	27[pred_flat]
Scorpio	κζ	[unread]	[unread]	[unread]	[unread]	27	176;05[pred_flat]	14[pred_flat]	27[pred_flat]
Scorpio	κη	[unread]	[unread]	[unread]	[unread]	28	176;55[pred_flat]	14[pred_flat]	27[pred_flat]
Scorpio	κθ	[unread]	[unread]	[unread]	[unread]	29	177;45[pred_flat]	14[pred_flat]	27[pred_flat]
Scorpio	λ	[unread]	[unread]	[unread]	[unread]	30	178;35[pred_flat]	14[pred_flat]	27[pred_flat]
# === SAGITTARIUS (ΤΟΞΟΤΗΣ) ===
Sagittarius	α	[unread]	[unread]	[unread]	[unread]	1	179;25[pred_flat]	14[pred_flat]	28[pred_flat]
Sagittarius	β	[unread]	[unread]	[unread]	[unread]	2	180;15[pred_flat]	14[pred_flat]	28[pred_flat]
Sagittarius	γ	[unread]	[unread]	[unread]	[unread]	3	181;05[pred_flat]	14[pred_flat]	28[pred_flat]
Sagittarius	δ	[unread]	[unread]	[unread]	[unread]	4	181;55[pred_flat]	14[pred_flat]	28[pred_flat]
Sagittarius	ε	[unread]	[unread]	[unread]	[unread]	5	182;45[pred_flat]	14[pred_flat]	28[pred_flat]
Sagittarius	ϛ	[unread]	[unread]	[unread]	[unread]	6	183;35[pred_flat]	15[pred_flat]	28[pred_flat]
Sagittarius	ζ	[unread]	[unread]	[unread]	[unread]	7	184;24[pred_flat]	15[pred_flat]	28[pred_flat]
Sagittarius	η	[unread]	[unread]	[unread]	[unread]	8	185;14[pred_flat]	15[pred_flat]	28[pred_flat]
Sagittarius	θ	[unread]	[unread]	[unread]	[unread]	9	186;04[pred_flat]	15[pred_flat]	28[pred_flat]
Sagittarius	ι	[unread]	[unread]	[unread]	[unread]	10	186;54[pred_flat]	15[pred_flat]	28[pred_flat]
Sagittarius	ια	[unread]	[unread]	[unread]	[unread]	11	187;44[pred_flat]	15[pred_flat]	28[pred_flat]
Sagittarius	ιβ	[unread]	[unread]	[unread]	[unread]	12	188;34[pred_flat]	15[pred_flat]	28[pred_flat]
Sagittarius	ιγ	[unread]	[unread]	[unread]	[unread]	13	189;24[pred_flat]	15[pred_flat]	28[pred_flat]
Sagittarius	ιδ	[unread]	[unread]	[unread]	[unread]	14	190;14[pred_flat]	15[pred_flat]	28[pred_flat]
Sagittarius	ιε	[unread]	[unread]	[unread]	[unread]	15	191;04[pred_flat]	15[pred_flat]	29[pred_flat]
Sagittarius	ιϛ	[unread]	[unread]	[unread]	[unread]	16	191;54[pred_flat]	15[pred_flat]	29[pred_flat]
Sagittarius	ιζ	[unread]	[unread]	[unread]	[unread]	17	192;44[pred_flat]	15[pred_flat]	29[pred_flat]
Sagittarius	ιη	[unread]	[unread]	[unread]	[unread]	18	193;34[pred_flat]	15[pred_flat]	29[pred_flat]
Sagittarius	ιθ	[unread]	[unread]	[unread]	[unread]	19	194;24[pred_flat]	15[pred_flat]	29[pred_flat]
Sagittarius	κ	[unread]	[unread]	[unread]	[unread]	20	195;13[pred_flat]	15[pred_flat]	29[pred_flat]
Sagittarius	κα	[unread]	[unread]	[unread]	[unread]	21	196;03[pred_flat]	15[pred_flat]	29[pred_flat]
Sagittarius	κβ	[unread]	[unread]	[unread]	[unread]	22	196;53[pred_flat]	15[pred_flat]	29[pred_flat]
Sagittarius	κγ	[unread]	[unread]	[unread]	[unread]	23	197;43[pred_flat]	15[pred_flat]	29[pred_flat]
Sagittarius	κδ	[unread]	[unread]	[unread]	[unread]	24	198;33[pred_flat]	15[pred_flat]	29[pred_flat]
Sagittarius	κε	[unread]	[unread]	[unread]	[unread]	25	199;23[pred_flat]	15[pred_flat]	29[pred_flat]
Sagittarius	κϛ	[unread]	[unread]	[unread]	[unread]	26	200;13[pred_flat]	15[pred_flat]	29[pred_flat]
Sagittarius	κζ	[unread]	[unread]	[unread]	[unread]	27	201;03[pred_flat]	15[pred_flat]	29[pred_flat]
Sagittarius	κη	[unread]	[unread]	[unread]	[unread]	28	201;53[pred_flat]	15[pred_flat]	29[pred_flat]
Sagittarius	κθ	[unread]	[unread]	[unread]	[unread]	29	202;43[pred_flat]	16[pred_flat]	30[pred_flat]
Sagittarius	λ	[unread]	[unread]	[unread]	[unread]	30	203;33[pred_flat]	16[pred_flat]	30[pred_flat]
# === CAPRICORN (ΑΙΓΟΚΕΡΩΣ) ===
Capricorn	α	[unread]	[unread]	[unread]	[unread]	1	204;23[pred_flat]	16[pred_flat]	30[pred_flat]
Capricorn	β	[unread]	[unread]	[unread]	[unread]	2	205;13[pred_flat]	16[pred_flat]	30[pred_flat]
Capricorn	γ	[unread]	[unread]	[unread]	[unread]	3	206;02[pred_flat]	16[pred_flat]	30[pred_flat]
Capricorn	δ	[unread]	[unread]	[unread]	[unread]	4	206;52[pred_flat]	16[pred_flat]	30[pred_flat]
Capricorn	ε	[unread]	[unread]	[unread]	[unread]	5	207;42[pred_flat]	16[pred_flat]	30[pred_flat]
Capricorn	ϛ	[unread]	[unread]	[unread]	[unread]	6	208;32[pred_flat]	16[pred_flat]	30[pred_flat]
Capricorn	ζ	[unread]	[unread]	[unread]	[unread]	7	209;22[pred_flat]	16[pred_flat]	30[pred_flat]
Capricorn	η	[unread]	[unread]	[unread]	[unread]	8	210;12[pred_flat]	16[pred_flat]	30[pred_flat]
Capricorn	θ	[unread]	[unread]	[unread]	[unread]	9	211;02[pred_flat]	16[pred_flat]	30[pred_flat]
Capricorn	ι	[unread]	[unread]	[unread]	[unread]	10	211;52[pred_flat]	16[pred_flat]	30[pred_flat]
Capricorn	ια	[unread]	[unread]	[unread]	[unread]	11	212;42[pred_flat]	16[pred_flat]	30[pred_flat]
Capricorn	ιβ	[unread]	[unread]	[unread]	[unread]	12	213;32[pred_flat]	16[pred_flat]	30[pred_flat]
Capricorn	ιγ	[unread]	[unread]	[unread]	[unread]	13	214;22[pred_flat]	16[pred_flat]	31[pred_flat]
Capricorn	ιδ	[unread]	[unread]	[unread]	[unread]	14	215;12[pred_flat]	16[pred_flat]	31[pred_flat]
Capricorn	ιε	[unread]	[unread]	[unread]	[unread]	15	216;02[pred_flat]	16[pred_flat]	31[pred_flat]
Capricorn	ιϛ	[unread]	[unread]	[unread]	[unread]	16	216;51[pred_flat]	16[pred_flat]	31[pred_flat]
Capricorn	ιζ	[unread]	[unread]	[unread]	[unread]	17	217;41[pred_flat]	16[pred_flat]	31[pred_flat]
Capricorn	ιη	[unread]	[unread]	[unread]	[unread]	18	218;31[pred_flat]	16[pred_flat]	31[pred_flat]
Capricorn	ιθ	[unread]	[unread]	[unread]	[unread]	19	219;21[pred_flat]	16[pred_flat]	31[pred_flat]
Capricorn	κ	[unread]	[unread]	[unread]	[unread]	20	220;11[pred_flat]	16[pred_flat]	31[pred_flat]
Capricorn	κα	[unread]	[unread]	[unread]	[unread]	21	221;01[pred_flat]	16[pred_flat]	31[pred_flat]
Capricorn	κβ	[unread]	[unread]	[unread]	[unread]	22	221;51[pred_flat]	17[pred_flat]	31[pred_flat]
Capricorn	κγ	[unread]	[unread]	[unread]	[unread]	23	222;41[pred_flat]	17[pred_flat]	31[pred_flat]
Capricorn	κδ	[unread]	[unread]	[unread]	[unread]	24	223;31[pred_flat]	17[pred_flat]	31[pred_flat]
Capricorn	κε	[unread]	[unread]	[unread]	[unread]	25	224;21[pred_flat]	17[pred_flat]	31[pred_flat]
Capricorn	κϛ	[unread]	[unread]	[unread]	[unread]	26	225;11[pred_flat]	17[pred_flat]	31[pred_flat]
Capricorn	κζ	[unread]	[unread]	[unread]	[unread]	27	226;01[pred_flat]	17[pred_flat]	32[pred_flat]
Capricorn	κη	[unread]	[unread]	[unread]	[unread]	28	226;50[pred_flat]	17[pred_flat]	32[pred_flat]
Capricorn	κθ	[unread]	[unread]	[unread]	[unread]	29	227;40[pred_flat]	17[pred_flat]	32[pred_flat]
Capricorn	λ	[unread]	[unread]	[unread]	[unread]	30	228;30[pred_flat]	17[pred_flat]	32[pred_flat]
# === AQUARIUS (ΥΔΡΟΧΟΟΣ) ===
Aquarius	α	[unread]	[unread]	[unread]	[unread]	1	229;20[pred_flat]	17[pred_flat]	32[pred_flat]
Aquarius	β	[unread]	[unread]	[unread]	[unread]	2	230;10[pred_flat]	17[pred_flat]	32[pred_flat]
Aquarius	γ	[unread]	[unread]	[unread]	[unread]	3	231;00[pred_flat]	17[pred_flat]	32[pred_flat]
Aquarius	δ	[unread]	[unread]	[unread]	[unread]	4	231;50[pred_flat]	17[pred_flat]	32[pred_flat]
Aquarius	ε	[unread]	[unread]	[unread]	[unread]	5	232;40[pred_flat]	17[pred_flat]	32[pred_flat]
Aquarius	ϛ	[unread]	[unread]	[unread]	[unread]	6	233;30[pred_flat]	17[pred_flat]	32[pred_flat]
Aquarius	ζ	[unread]	[unread]	[unread]	[unread]	7	234;20[pred_flat]	17[pred_flat]	32[pred_flat]
Aquarius	η	[unread]	[unread]	[unread]	[unread]	8	235;10[pred_flat]	17[pred_flat]	32[pred_flat]
Aquarius	θ	[unread]	[unread]	[unread]	[unread]	9	236;00[pred_flat]	17[pred_flat]	32[pred_flat]
Aquarius	ι	[unread]	[unread]	[unread]	[unread]	10	236;50[pred_flat]	17[pred_flat]	32[pred_flat]
Aquarius	ια	[unread]	[unread]	[unread]	[unread]	11	237;39[pred_flat]	17[pred_flat]	33[pred_flat]
Aquarius	ιβ	[unread]	[unread]	[unread]	[unread]	12	238;29[pred_flat]	17[pred_flat]	33[pred_flat]
Aquarius	ιγ	[unread]	[unread]	[unread]	[unread]	13	239;19[pred_flat]	17[pred_flat]	33[pred_flat]
Aquarius	ιδ	[unread]	[unread]	[unread]	[unread]	14	240;09[pred_flat]	18[pred_flat]	33[pred_flat]
Aquarius	ιε	[unread]	[unread]	[unread]	[unread]	15	240;59[pred_flat]	18[pred_flat]	33[pred_flat]
Aquarius	ιϛ	[unread]	[unread]	[unread]	[unread]	16	241;49[pred_flat]	18[pred_flat]	33[pred_flat]
Aquarius	ιζ	[unread]	[unread]	[unread]	[unread]	17	242;39[pred_flat]	18[pred_flat]	33[pred_flat]
Aquarius	ιη	[unread]	[unread]	[unread]	[unread]	18	243;32[pred_flat]	18[pred_flat]	33[pred_flat]
Aquarius	ιθ	[unread]	[unread]	[unread]	[unread]	19	244;40[pred_flat]	18[pred_flat]	32[pred_flat]
Aquarius	κ	[unread]	[unread]	[unread]	[unread]	20	245;47[pred_flat]	18[pred_flat]	31[pred_flat]
Aquarius	κα	[unread]	[unread]	[unread]	[unread]	21	246;55[pred_flat]	18[pred_flat]	31[pred_flat]
Aquarius	κβ	[unread]	[unread]	[unread]	[unread]	22	248;03[pred_flat]	18[pred_flat]	30[pred_flat]
Aquarius	κγ	[unread]	[unread]	[unread]	[unread]	23	249;10[pred_flat]	18[pred_flat]	29[pred_flat]
Aquarius	κδ	[unread]	[unread]	[unread]	[unread]	24	250;18[pred_flat]	18[pred_flat]	29[pred_flat]
Aquarius	κε	[unread]	[unread]	[unread]	[unread]	25	251;26[pred_flat]	18[pred_flat]	28[pred_flat]
Aquarius	κϛ	[unread]	[unread]	[unread]	[unread]	26	252;34[pred_flat]	18[pred_flat]	27[pred_flat]
Aquarius	κζ	[unread]	[unread]	[unread]	[unread]	27	253;41[pred_flat]	18[pred_flat]	26[pred_flat]
Aquarius	κη	[unread]	[unread]	[unread]	[unread]	28	254;49[pred_flat]	18[pred_flat]	26[pred_flat]
Aquarius	κθ	[unread]	[unread]	[unread]	[unread]	29	255;57[pred_flat]	18[pred_flat]	25[pred_flat]
Aquarius	λ	[unread]	[unread]	[unread]	[unread]	30	257;05[pred_flat]	18[pred_flat]	24[pred_flat]
# === PISCES (ΙΧΘΥΕΣ) ===
Pisces	α	[unread]	[unread]	[unread]	[unread]	1	258;12[pred_flat]	18[pred_flat]	23[pred_flat]
Pisces	β	[unread]	[unread]	[unread]	[unread]	2	259;20[pred_flat]	18[pred_flat]	23[pred_flat]
Pisces	γ	[unread]	[unread]	[unread]	[unread]	3	260;28[pred_flat]	18[pred_flat]	22[pred_flat]
Pisces	δ	[unread]	[unread]	[unread]	[unread]	4	261;35[pred_flat]	18[pred_flat]	21[pred_flat]
Pisces	ε	[unread]	[unread]	[unread]	[unread]	5	262;43[pred_flat]	18[pred_flat]	21[pred_flat]
Pisces	ϛ	[unread]	[unread]	[unread]	[unread]	6	263;51[pred_flat]	18[pred_flat]	20[pred_flat]
Pisces	ζ	[unread]	[unread]	[unread]	[unread]	7	264;59[pred_flat]	18[pred_flat]	19[pred_flat]
Pisces	η	[unread]	[unread]	[unread]	[unread]	8	266;06[pred_flat]	18[pred_flat]	18[pred_flat]
Pisces	θ	[unread]	[unread]	[unread]	[unread]	9	267;11[pred_flat]	18[pred_flat]	18[pred_flat]
Pisces	ι	[unread]	[unread]	[unread]	[unread]	10	268;07[pred_flat]	18[pred_flat]	18[pred_flat]
Pisces	ια	[unread]	[unread]	[unread]	[unread]	11	269;03[pred_flat]	18[pred_flat]	17[pred_flat]
Pisces	ιβ	[unread]	[unread]	[unread]	[unread]	12	269;53[pred_flat]	18[pred_flat]	17[pred_flat]
Pisces	ιγ	[unread]	[unread]	[unread]	[unread]	13	270;44[pred_flat]	18[pred_flat]	17[pred_flat]
Pisces	ιδ	[unread]	[unread]	[unread]	[unread]	14	271;35[pred_flat]	18[pred_flat]	17[pred_flat]
Pisces	ιε	[unread]	[unread]	[unread]	[unread]	15	272;26[pred_flat]	18[pred_flat]	17[pred_flat]
Pisces	ιϛ	[unread]	[unread]	[unread]	[unread]	16	273;17[pred_flat]	18[pred_flat]	17[pred_flat]
Pisces	ιζ	[unread]	[unread]	[unread]	[unread]	17	274;08[pred_flat]	18[pred_flat]	17[pred_flat]
Pisces	ιη	[unread]	[unread]	[unread]	[unread]	18	274;58[pred_flat]	18[pred_flat]	16[pred_flat]
Pisces	ιθ	[unread]	[unread]	[unread]	[unread]	19	275;49[pred_flat]	18[pred_flat]	16[pred_flat]
Pisces	κ	[unread]	[unread]	[unread]	[unread]	20	276;40[pred_flat]	18[pred_flat]	16[pred_flat]
Pisces	κα	[unread]	[unread]	[unread]	[unread]	21	277;31[pred_flat]	18[pred_flat]	16[pred_flat]
Pisces	κβ	[unread]	[unread]	[unread]	[unread]	22	278;22[pred_flat]	18[pred_flat]	16[pred_flat]
Pisces	κγ	[unread]	[unread]	[unread]	[unread]	23	279;13[pred_flat]	18[pred_flat]	16[pred_flat]
Pisces	κδ	[unread]	[unread]	[unread]	[unread]	24	280;04[pred_flat]	18[pred_flat]	16[pred_flat]
Pisces	κε	[unread]	[unread]	[unread]	[unread]	25	280;54[pred_flat]	18[pred_flat]	15[pred_flat]
Pisces	κϛ	[unread]	[unread]	[unread]	[unread]	26	281;45[pred_flat]	18[pred_flat]	15[pred_flat]
Pisces	κζ	[unread]	[unread]	[unread]	[unread]	27	282;36[pred_flat]	18[pred_flat]	15[pred_flat]
Pisces	κη	[unread]	[unread]	[unread]	[unread]	28	283;27[pred_flat]	18[pred_flat]	15[pred_flat]
Pisces	κθ	[unread]	[unread]	[unread]	[unread]	29	284;18[pred_flat]	18[pred_flat]	15[pred_flat]
Pisces	λ	[unread]	[unread]	[unread]	[unread]	30	285;09[pred_flat]	17[pred_flat]	15[pred_flat]
